outdeg1 indeg1 totaldeg1 outdeg2 indeg2 totaldeg2 totaldeg
1 0 1 1 0 1 2
1 1 2 5 0 5 7
2 0 2 13 1 14 16
1 0 1 18 0 18 19
1 0 1 24 0 24 25
1 0 1 38 0 38 39
1 0 1 41 0 41 42
1 0 1 49 0 49 50
1 0 1 59 0 59 60
2 0 2 60 0 60 62
1 0 1 72 0 72 73
4 0 4 76 0 76 80
1 0 1 77 0 77 78
1 0 1 79 0 79 80
2 0 2 94 0 94 96
2 0 2 97 0 97 99
2 0 2 101 2 103 105
1 0 1 107 0 107 108
1 0 1 111 0 111 112
2 0 2 119 0 119 121
1 0 1 121 0 121 122
4 0 4 125 2 127 131
2 0 2 127 0 127 129
1 0 1 136 0 136 137
2 0 2 138 0 138 140
3 1 4 140 0 140 144
4 0 4 144 0 144 148
9 0 9 143 2 145 154
4 0 4 147 0 147 151
2 0 2 150 1 151 153
4 2 6 148 4 152 158
5 0 5 149 3 152 157
4 0 4 153 1 154 158
2 0 2 155 0 155 157
1 0 1 163 0 163 164
2 0 2 166 0 166 168
2 0 2 169 0 169 171
9 2 11 174 2 176 187
5 1 6 183 5 188 194
5 0 5 189 0 189 194
3 0 3 190 0 190 193
7 0 7 200 0 200 207
6 0 6 228 3 231 237
11 1 12 232 8 240 252
1 0 1 240 0 240 241
1 0 1 246 0 246 247
8 0 8 246 7 253 261
5 0 5 249 9 258 263
9 0 9 258 1 259 268
2 0 2 260 4 264 266
7 1 8 257 10 267 275
3 0 3 267 0 267 270
4 0 4 270 4 274 278
3 0 3 274 0 274 277
6 2 8 267 9 276 284
9 1 10 275 4 279 289
5 0 5 285 0 285 290
3 0 3 274 16 290 293
8 1 9 325 1 326 335
10 4 14 314 13 327 341
7 0 7 334 1 335 342
10 0 10 328 10 338 348
5 0 5 344 0 344 349
8 0 8 338 8 346 354
2 0 2 351 0 351 353
9 0 9 345 7 352 361
13 0 13 348 7 355 368
13 0 13 357 1 358 371
14 0 14 366 5 371 385
4 0 4 371 1 372 376
10 1 11 362 15 377 388
6 0 6 376 2 378 384
10 0 10 361 19 380 390
15 3 18 376 13 389 407
12 1 13 390 5 395 408
10 1 11 393 14 407 418
5 0 5 407 1 408 413
6 0 6 410 0 410 416
8 0 8 410 2 412 420
9 0 9 406 7 413 422
8 0 8 412 2 414 422
12 0 12 404 10 414 426
18 4 22 409 15 424 446
8 0 8 418 7 425 433
3 0 3 429 0 429 432
15 7 22 433 20 453 475
4 0 4 449 4 453 457
6 0 6 452 4 456 462
15 5 20 444 21 465 485
16 0 16 461 5 466 482
10 0 10 459 10 469 479
7 2 9 475 1 476 485
14 0 14 483 2 485 499
5 0 5 484 3 487 492
8 0 8 470 18 488 496
6 0 6 482 6 488 494
9 0 9 485 3 488 497
11 8 19 469 23 492 511
10 0 10 480 14 494 504
10 0 10 488 7 495 505
8 2 10 485 16 501 511
6 1 7 507 2 509 516
10 3 13 483 29 512 525
6 0 6 500 15 515 521
6 0 6 522 1 523 529
6 0 6 511 15 526 532
12 2 14 527 19 546 560
19 0 19 532 15 547 566
6 1 7 559 1 560 567
14 0 14 554 8 562 576
8 0 8 572 1 573 581
15 0 15 565 11 576 591
15 4 19 539 38 577 596
11 0 11 568 10 578 589
13 1 14 574 7 581 595
17 0 17 542 46 588 605
10 1 11 567 27 594 605
13 0 13 585 10 595 608
10 1 11 593 3 596 607
17 1 18 592 7 599 617
13 1 14 597 4 601 615
23 0 23 590 12 602 625
12 0 12 598 4 602 614
9 2 11 601 6 607 618
6 0 6 604 5 609 615
24 2 26 599 12 611 637
13 1 14 596 18 614 628
10 1 11 608 10 618 629
13 6 19 583 37 620 639
12 0 12 616 6 622 634
14 0 14 614 9 623 637
14 0 14 620 4 624 638
25 1 26 611 15 626 652
9 0 9 625 4 629 638
10 0 10 611 19 630 640
10 2 12 617 13 630 642
20 0 20 625 6 631 651
12 0 12 627 5 632 644
16 1 17 607 28 635 652
18 1 19 623 13 636 655
16 1 17 619 20 639 656
19 3 22 605 34 639 661
10 0 10 639 3 642 652
12 1 13 635 7 642 655
17 1 18 626 16 642 660
10 0 10 639 9 648 658
11 0 11 650 0 650 661
21 0 21 637 19 656 677
18 1 19 642 17 659 678
11 0 11 653 7 660 671
23 2 25 639 22 661 686
16 1 17 657 6 663 680
29 2 31 623 42 665 696
8 0 8 649 18 667 675
21 5 26 640 29 669 695
16 1 17 630 42 672 689
18 1 19 647 26 673 692
18 2 20 655 19 674 694
9 1 10 670 8 678 688
27 1 28 656 22 678 706
42 2 44 652 26 678 722
12 2 14 667 12 679 693
17 0 17 667 13 680 697
15 1 16 667 16 683 699
32 2 34 654 31 685 719
24 0 24 658 29 687 711
13 1 14 669 18 687 701
11 0 11 678 11 689 700
17 0 17 679 11 690 707
28 0 28 673 18 691 719
23 1 24 664 30 694 718
28 2 30 651 44 695 725
8 0 8 694 4 698 706
15 3 18 681 17 698 716
21 1 22 668 30 698 720
13 1 14 678 21 699 713
23 2 25 672 29 701 726
19 3 22 689 15 704 726
26 3 29 670 34 704 733
17 1 18 673 33 706 724
18 1 19 690 18 708 727
18 1 19 697 13 710 729
16 2 18 674 37 711 729
16 1 17 708 7 715 732
22 3 25 674 43 717 742
11 0 11 708 10 718 729
16 2 18 680 43 723 741
23 3 26 684 39 723 749
13 0 13 683 42 725 738
23 2 25 691 35 726 751
12 1 13 687 42 729 742
20 2 22 716 15 731 753
35 1 36 685 47 732 768
16 1 17 690 43 733 750
29 0 29 687 48 735 764
11 0 11 697 43 740 751
31 4 35 694 49 743 778
40 7 47 695 48 743 790
37 5 42 693 51 744 786
22 3 25 703 42 745 770
9 1 10 702 46 748 758
17 0 17 714 34 748 765
35 15 50 696 53 749 799
15 3 18 703 47 750 768
9 1 10 703 48 751 761
58 4 62 691 61 752 814
26 2 28 708 44 752 780
13 1 14 706 49 755 769
24 3 27 714 41 755 782
37 4 41 696 60 756 797
29 5 34 687 70 757 791
16 1 17 727 31 758 775
25 13 38 710 48 758 796
21 0 21 714 46 760 781
12 4 16 706 54 760 776
21 0 21 705 55 760 781
29 1 30 693 67 760 790
19 2 21 702 59 761 782
25 0 25 731 34 765 790
30 1 31 705 62 767 798
25 3 28 693 74 767 795
30 1 31 702 66 768 799
16 1 17 714 55 769 786
15 2 17 704 65 769 786
28 2 30 735 34 769 799
28 4 32 703 67 770 802
29 1 30 742 29 771 801
31 3 34 732 41 773 807
19 1 20 709 65 774 794
8 0 8 763 12 775 783
12 1 13 764 17 781 794
19 0 19 755 28 783 802
25 3 28 719 67 786 814
39 4 43 714 74 788 831
36 7 43 715 73 788 831
21 2 23 753 35 788 811
21 9 30 726 62 788 818
25 1 26 754 35 789 815
18 0 18 741 48 789 807
18 0 18 767 22 789 807
18 2 20 767 23 790 810
19 3 22 727 65 792 814
23 3 26 716 77 793 819
17 1 18 756 38 794 812
30 1 31 752 43 795 826
54 5 59 713 84 797 856
33 3 36 728 70 798 834
25 4 29 722 77 799 828
56 5 61 716 83 799 860
29 9 38 722 77 799 837
34 6 40 723 76 799 839
22 0 22 775 25 800 822
38 5 43 768 34 802 845
56 6 62 713 90 803 865
52 3 55 714 90 804 859
30 4 34 718 86 804 838
18 2 20 745 60 805 825
42 1 43 716 91 807 850
27 5 32 743 64 807 839
19 0 19 781 27 808 827
55 8 63 722 87 809 872
17 5 22 727 82 809 831
14 1 15 734 80 814 829
34 4 38 727 89 816 854
32 9 41 730 87 817 858
20 3 23 777 40 817 840
27 2 29 747 70 817 846
40 6 46 728 91 819 865
36 2 38 767 53 820 858
26 2 28 729 91 820 848
21 2 23 732 89 821 844
23 3 26 764 58 822 848
33 0 33 724 99 823 856
19 4 23 733 92 825 848
39 4 43 725 101 826 869
18 3 21 732 94 826 847
22 0 22 796 31 827 849
14 1 15 732 97 829 844
11 1 12 803 26 829 841
32 3 35 735 95 830 865
27 0 27 803 28 831 858
24 4 28 727 105 832 860
17 1 18 781 52 833 851
40 7 47 738 97 835 882
25 3 28 736 100 836 864
26 4 30 737 99 836 866
34 2 36 729 108 837 873
18 7 25 749 88 837 862
39 3 42 784 53 837 879
27 2 29 738 103 841 870
21 1 22 769 72 841 863
25 9 34 728 113 841 875
20 2 22 738 104 842 864
62 17 79 734 108 842 921
42 6 48 730 113 843 891
36 3 39 786 60 846 885
42 1 43 792 55 847 890
23 6 29 762 86 848 877
24 15 39 749 99 848 887
22 0 22 811 37 848 870
23 2 25 793 56 849 874
30 9 39 745 104 849 888
13 1 14 800 50 850 864
20 0 20 794 57 851 871
21 2 23 737 115 852 875
30 6 36 744 109 853 889
26 4 30 741 113 854 884
28 3 31 793 61 854 885
36 2 38 733 121 854 892
34 4 38 738 117 855 893
21 3 24 738 117 855 879
23 3 26 782 74 856 882
25 3 28 783 74 857 885
32 1 33 780 78 858 891
42 2 44 793 65 858 902
64 8 72 734 126 860 932
48 10 58 739 121 860 918
32 5 37 737 123 860 897
57 12 69 742 120 862 931
29 6 35 737 125 862 897
33 2 35 733 131 864 899
20 2 22 796 68 864 886
72 27 99 741 123 864 963
39 12 51 756 110 866 917
28 1 29 722 144 866 895
36 11 47 742 125 867 914
34 6 40 734 133 867 907
32 13 45 744 124 868 913
16 0 16 810 59 869 885
37 6 43 734 135 869 912
32 1 33 802 68 870 903
35 11 46 740 130 870 916
13 1 14 809 61 870 884
17 8 25 741 130 871 896
27 0 27 804 67 871 898
38 9 47 732 140 872 919
27 7 34 733 139 872 906
86 25 111 745 129 874 985
22 1 23 810 64 874 897
26 2 28 780 94 874 902
31 6 37 760 117 877 914
74 25 99 740 137 877 976
34 4 38 832 46 878 916
21 1 22 803 76 879 901
21 3 24 738 141 879 903
21 1 22 780 101 881 903
29 7 36 773 109 882 918
65 15 80 739 143 882 962
29 5 34 736 147 883 917
37 7 44 729 154 883 927
20 0 20 803 82 885 905
39 0 39 826 61 887 926
24 14 38 748 141 889 927
32 3 35 803 87 890 925
48 9 57 739 153 892 949
28 7 35 743 149 892 927
65 18 83 734 159 893 976
59 36 95 757 137 894 989
39 5 44 740 154 894 938
59 31 90 759 135 894 984
78 23 101 744 151 895 996
28 9 37 739 157 896 933
21 0 21 809 87 896 917
51 9 60 737 160 897 957
42 11 53 733 164 897 950
39 4 43 794 103 897 940
163 133 296 817 81 898 1194
28 2 30 830 68 898 928
48 9 57 807 91 898 955
24 12 36 742 156 898 934
37 5 42 810 89 899 941
28 0 28 830 69 899 927
21 1 22 808 91 899 921
32 8 40 785 116 901 941
24 4 28 766 135 901 929
30 12 42 805 96 901 943
89 41 130 762 140 902 1032
25 6 31 814 88 902 933
26 11 37 748 155 903 940
41 24 65 754 149 903 968
91 56 147 753 151 904 1051
23 10 33 759 145 904 937
26 9 35 732 172 904 939
39 6 45 810 95 905 950
69 39 108 753 152 905 1013
35 2 37 825 80 905 942
33 2 35 823 86 909 944
61 20 81 744 167 911 992
44 11 55 727 185 912 967
21 2 23 825 87 912 935
30 11 41 736 176 912 953
15 5 20 746 168 914 934
30 16 46 761 154 915 961
51 20 71 742 173 915 986
56 9 65 797 118 915 980
68 35 103 754 164 918 1021
32 2 34 809 111 920 954
43 5 48 791 129 920 968
52 35 87 760 160 920 1007
25 5 30 824 96 920 950
23 13 36 758 162 920 956
25 2 27 748 172 920 947
32 14 46 742 178 920 966
54 29 83 757 164 921 1004
35 15 50 748 173 921 971
18 7 25 750 172 922 947
51 26 77 754 169 923 1000
49 3 52 805 118 923 975
50 0 50 828 95 923 973
18 1 19 833 91 924 943
31 21 52 747 178 925 977
34 0 34 833 94 927 961
36 25 61 747 180 927 988
16 8 24 728 200 928 952
112 92 204 786 142 928 1132
53 17 70 742 187 929 999
31 15 46 746 184 930 976
34 19 53 740 190 930 983
65 43 108 754 176 930 1038
52 19 71 792 139 931 1002
16 0 16 845 86 931 947
22 0 22 841 91 932 954
38 1 39 826 107 933 972
50 6 56 823 111 934 990
41 27 68 754 181 935 1003
29 16 45 742 193 935 980
24 0 24 825 110 935 959
35 2 37 826 110 936 973
34 7 41 802 135 937 978
96 92 188 782 155 937 1125
35 0 35 840 97 937 972
40 5 45 808 130 938 983
39 27 66 738 200 938 1004
31 7 38 795 143 938 976
40 17 57 753 186 939 996
27 0 27 819 120 939 966
36 23 59 749 190 939 998
33 3 36 812 128 940 976
22 12 34 744 196 940 974
19 3 22 720 220 940 962
21 5 26 804 140 944 970
42 11 53 787 157 944 997
53 10 63 795 149 944 1007
28 9 37 742 202 944 981
47 46 93 766 179 945 1038
24 11 35 739 206 945 980
21 2 23 810 136 946 969
17 8 25 735 212 947 972
45 3 48 801 146 947 995
34 5 39 820 127 947 986
44 31 75 738 209 947 1022
44 3 47 794 153 947 994
55 9 64 779 169 948 1012
58 58 116 760 188 948 1064
21 2 23 828 121 949 972
61 67 128 770 180 950 1078
31 19 50 736 214 950 1000
32 41 73 747 203 950 1023
40 13 53 773 177 950 1003
41 7 48 801 151 952 1000
41 13 54 816 137 953 1007
34 8 42 808 146 954 996
45 10 55 791 163 954 1009
45 13 58 793 162 955 1013
37 21 58 730 225 955 1013
54 2 56 799 156 955 1011
47 5 52 825 130 955 1007
23 1 24 838 117 955 979
36 6 42 811 145 956 998
56 2 58 826 132 958 1016
25 0 25 796 162 958 983
44 13 57 780 178 958 1015
46 46 92 750 209 959 1051
32 11 43 807 152 959 1002
42 31 73 741 219 960 1033
31 3 34 805 155 960 994
24 1 25 811 149 960 985
47 1 48 812 149 961 1009
43 24 67 742 219 961 1028
40 7 47 795 167 962 1009
79 91 170 789 173 962 1132
37 3 40 791 174 965 1005
53 4 57 809 156 965 1022
52 59 111 757 210 967 1078
39 14 53 779 188 967 1020
64 64 128 766 201 967 1095
33 3 36 811 157 968 1004
31 20 51 744 224 968 1019
18 10 28 728 240 968 996
45 32 77 750 218 968 1045
29 4 33 819 150 969 1002
54 15 69 791 180 971 1040
19 5 24 800 171 971 995
33 10 43 756 215 971 1014
28 23 51 753 219 972 1023
29 27 56 749 223 972 1028
34 27 61 751 221 972 1033
24 7 31 743 230 973 1004
46 44 90 751 222 973 1063
55 60 115 750 224 974 1089
55 1 56 806 168 974 1030
40 20 60 796 178 974 1034
32 33 65 738 237 975 1040
54 54 108 740 235 975 1083
35 0 35 818 158 976 1011
32 16 48 723 254 977 1025
48 6 54 818 160 978 1032
26 26 52 732 246 978 1030
39 51 90 752 226 978 1068
49 12 61 777 201 978 1039
39 1 40 810 169 979 1019
38 63 101 755 224 979 1080
31 29 60 721 258 979 1039
24 26 50 729 252 981 1031
21 12 33 733 248 981 1014
64 17 81 783 198 981 1062
36 2 38 796 185 981 1019
38 2 40 797 184 981 1021
59 14 73 795 186 981 1054
40 6 46 786 196 982 1028
41 12 53 787 195 982 1035
20 14 34 739 244 983 1017
62 115 177 783 200 983 1160
47 61 108 765 219 984 1092
42 17 59 757 227 984 1043
46 7 53 795 189 984 1037
42 6 48 776 209 985 1033
31 41 72 745 240 985 1057
31 12 43 759 228 987 1030
30 0 30 800 187 987 1017
42 20 62 773 214 987 1049
32 43 75 745 242 987 1062
34 2 36 800 187 987 1023
35 12 47 790 198 988 1035
34 23 57 772 218 990 1047
26 20 46 736 254 990 1036
101 180 281 798 193 991 1272
71 15 86 792 199 991 1077
47 1 48 799 193 992 1040
55 6 61 788 204 992 1053
57 125 182 780 212 992 1174
17 14 31 722 270 992 1023
50 3 53 789 205 994 1047
49 3 52 792 202 994 1046
38 11 49 765 229 994 1043
32 48 80 724 272 996 1076
51 8 59 776 221 997 1056
41 2 43 803 195 998 1041
55 131 186 768 230 998 1184
46 5 51 790 209 999 1050
54 7 61 769 230 999 1060
50 17 67 790 209 999 1066
45 12 57 776 224 1000 1057
70 18 88 771 230 1001 1089
24 29 53 721 280 1001 1054
41 2 43 800 201 1001 1044
21 21 42 717 285 1002 1044
32 35 67 733 271 1004 1071
44 2 46 811 193 1004 1050
37 8 45 784 220 1004 1049
21 4 25 787 217 1004 1029
42 7 49 764 240 1004 1053
38 4 42 777 228 1005 1047
59 22 81 759 246 1005 1086
43 0 43 782 223 1005 1048
37 2 39 779 226 1005 1044
35 7 42 761 244 1005 1047
42 15 57 760 246 1006 1063
35 9 44 756 251 1007 1051
46 12 58 765 243 1008 1066
26 10 36 795 213 1008 1044
45 18 63 754 254 1008 1071
29 13 42 769 240 1009 1051
24 24 48 738 272 1010 1058
52 11 63 747 265 1012 1075
52 108 160 759 253 1012 1172
29 2 31 771 243 1014 1045
27 24 51 736 278 1014 1065
34 5 39 773 241 1014 1053
42 10 52 748 266 1014 1066
44 1 45 781 233 1014 1059
35 4 39 771 244 1015 1054
46 1 47 766 249 1015 1062
43 26 69 755 261 1016 1085
41 3 44 781 235 1016 1060
39 3 42 774 243 1017 1059
31 3 34 773 245 1018 1052
340 35 375 518 500 1018 1393
35 5 40 733 285 1018 1058
18 31 49 724 295 1019 1068
51 10 61 774 245 1019 1080
41 15 56 761 259 1020 1076
39 67 106 744 276 1020 1126
34 65 99 743 277 1020 1119
41 9 50 766 255 1021 1071
24 43 67 728 293 1021 1088
47 19 66 765 256 1021 1087
54 10 64 757 265 1022 1086
51 10 61 758 265 1023 1084
24 22 46 716 308 1024 1070
38 83 121 747 277 1024 1145
40 0 40 742 282 1024 1064
325 25 350 518 507 1025 1375
29 4 33 755 270 1025 1058
46 6 52 756 269 1025 1077
34 9 43 770 255 1025 1068
60 2 62 740 286 1026 1088
54 107 161 752 274 1026 1187
50 7 57 744 282 1026 1083
24 35 59 711 316 1027 1086
39 11 50 736 291 1027 1077
28 6 34 765 263 1028 1062
40 69 109 731 298 1029 1138
54 7 61 752 277 1029 1090
49 3 52 758 272 1030 1082
39 2 41 749 281 1030 1071
53 34 87 718 312 1030 1117
31 62 93 729 302 1031 1124
29 57 86 721 311 1032 1118
36 2 38 760 272 1032 1070
62 20 82 737 295 1032 1114
50 14 64 727 305 1032 1096
32 3 35 751 281 1032 1067
32 47 79 714 319 1033 1112
28 40 68 711 322 1033 1101
42 3 45 734 299 1033 1078
51 19 70 731 303 1034 1104
25 47 72 718 316 1034 1106
38 10 48 741 294 1035 1083
20 11 31 694 341 1035 1066
305 39 344 510 526 1036 1380
310 28 338 504 533 1037 1375
66 7 73 725 312 1037 1110
34 53 87 716 322 1038 1125
49 23 72 727 311 1038 1110
59 20 79 723 315 1038 1117
36 9 45 736 303 1039 1084
37 6 43 740 299 1039 1082
23 38 61 713 327 1040 1101
291 37 328 515 525 1040 1368
93 40 133 704 336 1040 1173
35 3 38 743 297 1040 1078
39 3 42 723 318 1041 1083
28 13 41 733 309 1042 1083
42 6 48 731 311 1042 1090
42 68 110 700 342 1042 1152
72 8 80 708 334 1042 1122
25 33 58 684 359 1043 1101
46 2 48 715 328 1043 1091
24 29 53 687 357 1044 1097
58 8 66 730 315 1045 1111
37 13 50 727 318 1045 1095
50 9 59 708 337 1045 1104
23 46 69 693 353 1046 1115
77 44 121 703 343 1046 1167
55 18 73 711 336 1047 1120
66 62 128 693 354 1047 1175
35 7 42 711 336 1047 1089
35 44 79 693 354 1047 1126
36 18 54 705 343 1048 1102
42 18 60 701 347 1048 1108
28 74 102 709 340 1049 1151
24 78 102 711 339 1050 1152
68 4 72 671 379 1050 1122
73 22 95 691 359 1050 1145
39 4 43 725 326 1051 1094
39 5 44 724 327 1051 1095
45 3 48 706 346 1052 1100
23 26 49 692 360 1052 1101
60 9 69 702 350 1052 1121
90 32 122 677 375 1052 1174
47 16 63 704 349 1053 1116
41 7 48 706 347 1053 1101
54 23 77 710 344 1054 1131
26 30 56 707 347 1054 1110
63 28 91 698 357 1055 1146
36 8 44 718 337 1055 1099
54 15 69 696 359 1055 1124
64 9 73 685 370 1055 1128
67 10 77 691 365 1056 1133
37 14 51 709 347 1056 1107
32 20 52 684 373 1057 1109
34 5 39 716 341 1057 1096
63 10 73 686 371 1057 1130
283 64 347 478 580 1058 1405
77 49 126 681 377 1058 1184
59 26 85 682 376 1058 1143
55 13 68 685 374 1059 1127
28 50 78 681 378 1059 1137
50 3 53 694 365 1059 1112
39 10 49 705 355 1060 1109
74 9 83 662 398 1060 1143
61 14 75 675 385 1060 1135
59 11 70 680 380 1060 1130
46 11 57 697 365 1062 1119
53 11 64 679 383 1062 1126
25 82 107 697 365 1062 1169
36 13 49 683 379 1062 1111
33 8 41 683 380 1063 1104
57 5 62 681 382 1063 1125
39 9 48 693 371 1064 1112
51 6 57 673 391 1064 1121
60 17 77 657 407 1064 1141
27 13 40 687 377 1064 1104
30 95 125 692 373 1065 1190
69 11 80 667 398 1065 1145
35 19 54 688 377 1065 1119
19 34 53 681 384 1065 1118
66 13 79 661 405 1066 1145
40 14 54 666 400 1066 1120
56 19 75 663 404 1067 1142
60 14 74 662 405 1067 1141
49 16 65 677 391 1068 1133
46 42 88 664 405 1069 1157
49 6 55 660 409 1069 1124
37 17 54 663 406 1069 1123
22 63 85 672 398 1070 1155
56 14 70 664 406 1070 1140
44 16 60 670 400 1070 1130
35 92 127 669 401 1070 1197
73 18 91 649 421 1070 1161
78 9 87 641 430 1071 1158
60 6 66 649 422 1071 1137
43 7 50 657 414 1071 1121
59 23 82 654 418 1072 1154
48 15 63 665 408 1073 1136
65 16 81 641 432 1073 1154
37 65 102 651 422 1073 1175
69 35 104 645 428 1073 1177
53 11 64 649 424 1073 1137
46 28 74 653 421 1074 1148
46 18 64 657 417 1074 1138
57 17 74 648 426 1074 1148
52 16 68 639 435 1074 1142
20 19 39 647 427 1074 1113
41 16 57 610 464 1074 1131
57 11 68 633 441 1074 1142
254 38 292 454 621 1075 1367
64 22 86 635 441 1076 1162
35 19 54 653 423 1076 1130
48 21 69 652 424 1076 1145
37 19 56 658 418 1076 1132
35 41 76 643 434 1077 1153
66 57 123 632 445 1077 1200
67 35 102 628 449 1077 1179
53 22 75 637 440 1077 1152
53 8 61 626 452 1078 1139
56 14 70 636 442 1078 1148
74 44 118 614 464 1078 1196
50 8 58 630 448 1078 1136
53 43 96 634 444 1078 1174
35 11 46 645 433 1078 1124
45 27 72 627 452 1079 1151
46 22 68 637 442 1079 1147
50 25 75 634 445 1079 1154
121 69 190 568 512 1080 1270
38 18 56 644 436 1080 1136
60 26 86 623 458 1081 1167
48 14 62 633 448 1081 1143
45 9 54 636 445 1081 1135
48 4 52 624 457 1081 1133
68 17 85 606 475 1081 1166
91 16 107 582 500 1082 1189
46 8 54 621 462 1083 1137
18 80 98 644 439 1083 1181
44 2 46 614 470 1084 1130
75 9 84 598 487 1085 1169
57 15 72 615 471 1086 1158
206 69 275 471 615 1086 1361
52 26 78 622 464 1086 1164
46 10 56 623 463 1086 1142
60 13 73 608 479 1087 1160
67 13 80 603 484 1087 1167
76 25 101 594 493 1087 1188
41 19 60 618 469 1087 1147
72 46 118 595 492 1087 1205
50 27 77 608 480 1088 1165
56 27 83 605 483 1088 1171
61 6 67 600 488 1088 1155
238 34 272 428 660 1088 1360
57 45 102 606 483 1089 1191
54 15 69 609 480 1089 1158
164 50 214 499 590 1089 1303
58 7 65 600 489 1089 1154
79 43 122 582 507 1089 1211
68 9 77 592 497 1089 1166
62 21 83 593 496 1089 1172
51 32 83 597 493 1090 1173
52 15 67 604 486 1090 1157
20 45 65 604 486 1090 1155
46 15 61 599 492 1091 1152
54 26 80 594 497 1091 1171
212 60 272 441 651 1092 1364
43 19 62 598 494 1092 1154
58 13 71 591 501 1092 1163
54 31 85 588 505 1093 1178
53 10 63 586 507 1093 1156
69 8 77 574 519 1093 1170
30 20 50 605 488 1093 1143
41 24 65 594 499 1093 1158
62 18 80 579 514 1093 1173
43 9 52 594 500 1094 1146
64 43 107 579 515 1094 1201
35 35 70 593 501 1094 1164
54 9 63 579 516 1095 1158
69 38 107 568 527 1095 1202
197 51 248 442 653 1095 1343
52 7 59 583 513 1096 1155
37 13 50 595 501 1096 1146
207 45 252 429 667 1096 1348
61 17 78 570 526 1096 1174
40 8 48 585 511 1096 1144
38 23 61 592 504 1096 1157
153 50 203 479 618 1097 1300
55 9 64 568 529 1097 1161
42 19 61 585 512 1097 1158
89 58 147 540 557 1097 1244
135 75 210 493 604 1097 1307
181 46 227 446 651 1097 1324
40 36 76 577 520 1097 1173
81 40 121 543 555 1098 1219
43 16 59 572 526 1098 1157
53 27 80 561 537 1098 1178
49 25 74 565 534 1099 1173
39 13 52 579 520 1099 1151
37 20 57 575 524 1099 1156
60 28 88 557 542 1099 1187
46 38 84 564 535 1099 1183
66 52 118 551 548 1099 1217
80 27 107 534 566 1100 1207
177 70 247 438 662 1100 1347
24 21 45 581 519 1100 1145
53 16 69 553 547 1100 1169
55 48 103 555 546 1101 1204
60 16 76 548 553 1101 1177
30 56 86 574 527 1101 1187
46 14 60 559 542 1101 1161
145 77 222 463 639 1102 1324
84 47 131 521 581 1102 1233
52 9 61 547 555 1102 1163
44 10 54 551 551 1102 1156
68 25 93 535 567 1102 1195
192 52 244 411 691 1102 1346
44 41 85 551 551 1102 1187
44 34 78 548 554 1102 1180
50 11 61 543 559 1102 1163
28 27 55 553 550 1103 1158
39 30 69 553 550 1103 1172
41 22 63 554 549 1103 1166
49 22 71 542 562 1104 1175
172 54 226 423 681 1104 1330
43 63 106 551 553 1104 1210
41 18 59 547 557 1104 1163
56 25 81 536 568 1104 1185
97 57 154 494 610 1104 1258
33 17 50 537 567 1104 1154
38 42 80 541 563 1104 1184
216 59 275 372 732 1104 1379
53 31 84 533 571 1104 1188
34 23 57 541 563 1104 1161
80 20 100 502 602 1104 1204
34 15 49 550 555 1105 1154
55 59 114 526 579 1105 1219
39 19 58 541 564 1105 1163
115 37 152 465 640 1105 1257
193 72 265 387 718 1105 1370
96 50 146 482 623 1105 1251
60 71 131 516 589 1105 1236
114 81 195 463 642 1105 1300
26 54 80 524 581 1105 1185
40 31 71 530 576 1106 1177
52 28 80 517 589 1106 1186
204 74 278 369 737 1106 1384
19 22 41 538 569 1107 1148
41 53 94 525 582 1107 1201
63 55 118 507 600 1107 1225
192 66 258 377 730 1107 1365
49 10 59 517 590 1107 1166
58 63 121 508 600 1108 1229
71 20 91 493 615 1108 1199
48 11 59 509 599 1108 1167
58 43 101 501 607 1108 1209
201 48 249 362 746 1108 1357
56 40 96 505 604 1109 1205
138 97 235 423 686 1109 1344
58 33 91 500 609 1109 1200
52 34 86 507 602 1109 1195
43 13 56 514 595 1109 1165
46 9 55 506 603 1109 1164
61 39 100 494 615 1109 1209
55 33 88 497 613 1110 1198
53 24 77 496 614 1110 1187
50 31 81 503 607 1110 1191
182 70 252 370 740 1110 1362
56 62 118 494 616 1110 1228
136 74 210 414 696 1110 1320
42 40 82 500 611 1111 1193
185 73 258 363 748 1111 1369
46 27 73 499 612 1111 1184
22 34 56 522 589 1111 1167
40 11 51 499 613 1112 1163
46 51 97 495 617 1112 1209
39 25 64 495 618 1113 1177
33 16 49 504 609 1113 1162
50 18 68 490 623 1113 1181
190 64 254 350 763 1113 1367
62 59 121 474 639 1113 1234
60 34 94 478 635 1113 1207
33 34 67 496 618 1114 1181
80 33 113 455 659 1114 1227
74 31 105 460 655 1115 1220
42 34 76 491 624 1115 1191
58 39 97 473 642 1115 1212
25 59 84 497 619 1116 1200
99 52 151 432 684 1116 1267
44 18 62 483 633 1116 1178
159 61 220 370 746 1116 1336
64 23 87 463 653 1116 1203
33 39 72 489 628 1117 1189
32 19 51 490 627 1117 1168
48 63 111 476 641 1117 1228
20 11 31 491 626 1117 1148
178 85 263 345 772 1117 1380
53 47 100 469 649 1118 1218
173 79 252 348 770 1118 1370
104 59 163 416 702 1118 1281
108 76 184 411 707 1118 1302
149 74 223 369 749 1118 1341
36 28 64 480 638 1118 1182
53 60 113 463 655 1118 1231
64 73 137 451 667 1118 1255
137 83 220 377 741 1118 1338
36 27 63 471 647 1118 1181
26 29 55 484 635 1119 1174
168 63 231 343 776 1119 1350
55 37 92 455 664 1119 1211
43 37 80 466 653 1119 1199
120 48 168 388 731 1119 1287
139 60 199 368 751 1119 1318
24 35 59 481 638 1119 1178
77 65 142 428 692 1120 1262
56 38 94 447 673 1120 1214
157 61 218 346 774 1120 1338
42 38 80 457 663 1120 1200
53 38 91 445 676 1121 1212
113 81 194 387 734 1121 1315
147 55 202 352 769 1121 1323
49 24 73 447 675 1122 1195
140 73 213 357 765 1122 1335
45 26 71 450 672 1122 1193
34 40 74 452 670 1122 1196
128 82 210 366 757 1123 1333
26 35 61 466 657 1123 1184
36 58 94 454 669 1123 1217
32 31 63 456 667 1123 1186
39 22 61 449 674 1123 1184
15 35 50 469 654 1123 1173
107 65 172 381 743 1124 1296
51 59 110 433 691 1124 1234
157 84 241 329 795 1124 1365
60 37 97 424 700 1124 1221
99 44 143 385 739 1124 1267
78 42 120 405 719 1124 1244
123 82 205 359 765 1124 1329
61 43 104 420 704 1124 1228
42 84 126 436 688 1124 1250
53 46 99 425 700 1125 1224
27 28 55 451 674 1125 1180
146 81 227 331 794 1125 1352
55 47 102 421 704 1125 1227
37 55 92 437 688 1125 1217
50 33 83 422 703 1125 1208
91 77 168 382 743 1125 1293
43 57 100 429 696 1125 1225
44 47 91 427 699 1126 1217
63 39 102 406 720 1126 1228
130 98 228 339 787 1126 1354
62 35 97 405 721 1126 1223
52 29 81 415 711 1126 1207
38 25 63 423 703 1126 1189
127 79 206 338 788 1126 1332
130 64 194 334 792 1126 1320
129 88 217 334 792 1126 1343
35 25 60 423 703 1126 1186
96 83 179 365 762 1127 1306
144 76 220 316 811 1127 1347
128 78 206 331 796 1127 1333
162 88 250 296 831 1127 1377
138 73 211 319 808 1127 1338
51 39 90 404 723 1127 1217
42 28 70 411 716 1127 1197
73 85 158 381 746 1127 1285
46 25 71 403 724 1127 1198
123 87 210 329 799 1128 1338
132 101 233 319 809 1128 1361
56 45 101 394 734 1128 1229
62 59 121 387 741 1128 1249
66 59 125 382 746 1128 1253
37 42 79 410 718 1128 1207
39 40 79 406 723 1129 1208
43 39 82 402 727 1129 1211
80 80 160 364 765 1129 1289
84 48 132 359 770 1129 1261
123 118 241 319 810 1129 1370
52 26 78 387 742 1129 1207
38 84 122 400 730 1130 1252
28 42 70 409 721 1130 1200
38 24 62 400 730 1130 1192
77 71 148 359 771 1130 1278
46 30 76 388 742 1130 1206
54 55 109 381 749 1130 1239
34 52 86 400 730 1130 1216
69 67 136 364 767 1131 1267
31 39 70 401 730 1131 1201
60 38 98 370 761 1131 1229
98 95 193 332 799 1131 1324
49 43 92 380 751 1131 1223
72 70 142 356 775 1131 1273
121 107 228 306 825 1131 1359
55 86 141 371 760 1131 1272
57 95 152 368 763 1131 1283
29 49 78 391 741 1132 1210
91 83 174 332 800 1132 1306
39 45 84 382 750 1132 1216
40 58 98 381 751 1132 1230
50 32 82 367 765 1132 1214
43 49 92 376 756 1132 1224
112 96 208 306 826 1132 1340
36 37 73 379 753 1132 1205
36 43 79 378 754 1132 1211
23 20 43 391 741 1132 1175
64 50 114 350 782 1132 1246
113 141 254 300 832 1132 1386
76 47 123 336 797 1133 1256
77 52 129 334 799 1133 1262
51 56 107 358 775 1133 1240
29 45 74 379 754 1133 1207
96 95 191 312 821 1133 1324
48 58 106 359 774 1133 1239
80 59 139 326 808 1134 1273
37 78 115 368 766 1134 1249
82 110 192 322 812 1134 1326
61 70 131 342 792 1134 1265
56 26 82 343 791 1134 1216
136 92 228 265 869 1134 1362
59 83 142 341 793 1134 1276
106 65 171 293 842 1135 1306
41 39 80 356 779 1135 1215
51 77 128 346 789 1135 1263
36 40 76 360 775 1135 1211
41 70 111 354 781 1135 1246
40 61 101 354 781 1135 1236
77 91 168 316 819 1135 1303
51 63 114 341 794 1135 1249
121 78 199 270 866 1136 1335
91 100 191 299 837 1136 1327
49 60 109 339 797 1136 1245
66 67 133 322 814 1136 1269
93 101 194 294 842 1136 1330
43 33 76 343 793 1136 1212
44 50 94 340 796 1136 1230
39 31 70 345 792 1137 1207
102 106 208 281 856 1137 1345
96 127 223 286 851 1137 1360
83 101 184 298 839 1137 1321
37 61 98 343 794 1137 1235
45 54 99 334 803 1137 1236
29 55 84 349 788 1137 1221
60 50 110 317 820 1137 1247
97 101 198 279 858 1137 1335
40 43 83 334 803 1137 1220
118 106 224 256 881 1137 1361
32 63 95 341 797 1138 1233
65 122 187 307 831 1138 1325
73 100 173 298 840 1138 1311
69 103 172 301 837 1138 1310
72 127 199 297 841 1138 1337
47 49 96 321 817 1138 1234
46 50 96 321 817 1138 1234
39 69 108 327 811 1138 1246
62 76 138 303 835 1138 1276
30 62 92 333 805 1138 1230
91 97 188 272 867 1139 1327
72 64 136 290 849 1139 1275
52 82 134 309 830 1139 1273
45 42 87 315 824 1139 1226
84 75 159 275 864 1139 1298
48 30 78 310 830 1140 1218
54 81 135 303 837 1140 1275
20 46 66 335 805 1140 1206
31 32 63 321 819 1140 1203
63 54 117 290 850 1140 1257
31 37 68 319 821 1140 1208
65 56 121 285 855 1140 1261
12 25 37 333 808 1141 1178
99 82 181 251 890 1141 1322
111 108 219 238 903 1141 1360
51 42 93 297 844 1141 1234
46 62 108 301 841 1142 1250
39 27 66 307 835 1142 1208
34 61 95 311 831 1142 1237
90 122 212 254 888 1142 1354
23 47 70 319 823 1142 1212
48 39 87 294 848 1142 1229
52 101 153 289 853 1142 1295
104 110 214 236 906 1142 1356
16 39 55 322 820 1142 1197
59 74 133 279 863 1142 1275
37 43 80 298 845 1143 1223
48 60 108 288 855 1143 1251
81 119 200 254 889 1143 1343
80 144 224 254 889 1143 1367
24 45 69 309 834 1143 1212
42 66 108 290 853 1143 1251
52 100 152 279 864 1143 1295
69 93 162 261 882 1143 1305
67 95 162 262 882 1144 1306
40 55 95 288 856 1144 1239
83 133 216 244 900 1144 1360
38 93 131 288 856 1144 1275
45 89 134 279 865 1144 1278
50 86 136 274 870 1144 1280
110 112 222 213 931 1144 1366
60 85 145 262 882 1144 1289
32 99 131 289 856 1145 1276
46 46 92 274 871 1145 1237
75 117 192 244 901 1145 1337
48 55 103 270 875 1145 1248
69 97 166 248 897 1145 1311
37 48 85 279 866 1145 1230
37 59 96 278 867 1145 1241
36 64 100 276 870 1146 1246
56 101 157 257 889 1146 1303
36 32 68 272 874 1146 1214
59 76 135 252 894 1146 1281
61 60 121 249 897 1146 1267
46 90 136 263 883 1146 1282
78 129 207 230 916 1146 1353
19 42 61 288 858 1146 1207
27 68 95 279 868 1147 1242
39 96 135 266 881 1147 1282
39 90 129 264 883 1147 1276
48 46 94 255 892 1147 1241
77 109 186 225 922 1147 1333
18 89 107 283 864 1147 1254
24 65 89 275 872 1147 1236
38 105 143 261 886 1147 1290
30 89 119 267 880 1147 1266
79 92 171 218 929 1147 1318
19 61 80 272 875 1147 1227
74 100 174 221 927 1148 1322
63 103 166 231 917 1148 1314
82 111 193 211 937 1148 1341
48 93 141 244 904 1148 1289
41 80 121 250 898 1148 1269
12 104 116 277 871 1148 1264
46 101 147 243 906 1149 1296
49 122 171 239 910 1149 1320
34 91 125 253 896 1149 1274
36 45 81 250 899 1149 1230
32 75 107 253 896 1149 1256
72 129 201 212 937 1149 1350
40 55 95 243 906 1149 1244
36 66 102 246 903 1149 1251
19 55 74 261 888 1149 1223
63 97 160 217 933 1150 1310
17 63 80 262 888 1150 1230
34 57 91 244 906 1150 1241
47 110 157 230 920 1150 1307
59 99 158 217 933 1150 1308
48 60 108 227 923 1150 1258
41 79 120 233 918 1151 1271
66 92 158 207 944 1151 1309
43 55 98 228 923 1151 1249
49 76 125 222 929 1151 1276
54 78 132 216 935 1151 1283
20 57 77 249 902 1151 1228
33 53 86 235 916 1151 1237
30 67 97 237 914 1151 1248
53 89 142 213 939 1152 1294
25 79 104 240 912 1152 1256
43 102 145 221 931 1152 1297
36 118 154 227 925 1152 1306
20 51 71 240 913 1153 1224
59 141 200 202 951 1153 1353
49 85 134 211 942 1153 1287
29 56 85 230 923 1153 1238
45 109 154 213 940 1153 1307
23 58 81 234 919 1153 1234
26 87 113 230 923 1153 1266
72 120 192 183 970 1153 1345
23 100 123 231 922 1153 1276
48 96 144 205 948 1153 1297
45 74 119 206 947 1153 1272
34 107 141 217 936 1153 1294
27 45 72 223 930 1153 1225
16 81 97 233 921 1154 1251
39 74 113 209 945 1154 1267
41 96 137 206 948 1154 1291
47 65 112 199 955 1154 1266
29 82 111 216 938 1154 1265
35 68 103 209 945 1154 1257
27 45 72 215 939 1154 1226
20 54 74 222 932 1154 1228
66 136 202 175 979 1154 1356
73 120 193 167 987 1154 1347
46 68 114 193 962 1155 1269
73 129 202 165 990 1155 1357
44 77 121 193 962 1155 1276
41 129 170 195 960 1155 1325
47 82 129 188 967 1155 1284
42 104 146 192 963 1155 1301
55 110 165 178 977 1155 1320
14 32 46 218 938 1156 1202
38 125 163 193 963 1156 1319
64 106 170 166 990 1156 1326
31 70 101 197 959 1156 1257
62 136 198 166 990 1156 1354
24 69 93 203 953 1156 1249
73 147 220 153 1003 1156 1376
12 64 76 213 943 1156 1232
40 79 119 184 973 1157 1276
26 69 95 197 960 1157 1252
32 63 95 190 967 1157 1252
39 147 186 182 975 1157 1343
21 57 78 199 958 1157 1235
53 96 149 166 991 1157 1306
66 123 189 152 1005 1157 1346
24 52 76 193 964 1157 1233
34 110 144 182 976 1158 1302
21 96 117 194 964 1158 1275
40 112 152 174 984 1158 1310
36 69 105 177 981 1158 1263
22 111 133 190 968 1158 1291
28 86 114 183 975 1158 1272
40 99 139 170 988 1158 1297
35 125 160 174 984 1158 1318
26 104 130 182 976 1158 1288
30 92 122 177 982 1159 1281
39 96 135 167 992 1159 1294
51 122 173 154 1005 1159 1332
49 108 157 155 1004 1159 1316
33 107 140 170 989 1159 1299
13 67 80 189 970 1159 1239
22 84 106 179 980 1159 1265
21 92 113 179 980 1159 1272
16 82 98 182 977 1159 1257
14 52 66 183 976 1159 1225
44 93 137 153 1007 1160 1297
36 105 141 160 1000 1160 1301
35 89 124 160 1000 1160 1284
34 103 137 160 1000 1160 1297
34 114 148 159 1001 1160 1308
33 81 114 159 1001 1160 1274
40 160 200 151 1009 1160 1360
42 146 188 148 1012 1160 1348
24 75 99 165 995 1160 1259
20 73 93 168 993 1161 1254
17 58 75 170 991 1161 1236
33 85 118 153 1008 1161 1279
25 84 109 160 1001 1161 1270
21 54 75 163 998 1161 1236
15 51 66 168 993 1161 1227
21 71 92 161 1000 1161 1253
59 126 185 122 1039 1161 1346
39 100 139 141 1020 1161 1300
29 93 122 150 1012 1162 1284
15 60 75 161 1001 1162 1237
51 130 181 126 1036 1162 1343
13 70 83 163 999 1162 1245
35 109 144 140 1022 1162 1306
37 130 167 137 1025 1162 1329
29 96 125 144 1018 1162 1287
28 120 148 143 1020 1163 1311
47 117 164 124 1039 1163 1327
34 139 173 136 1027 1163 1336
41 107 148 128 1035 1163 1311
46 112 158 122 1041 1163 1321
28 109 137 139 1024 1163 1300
27 95 122 139 1024 1163 1285
21 82 103 144 1019 1163 1266
21 101 122 143 1021 1164 1286
22 67 89 141 1023 1164 1253
25 114 139 137 1027 1164 1303
15 76 91 146 1018 1164 1255
25 122 147 135 1029 1164 1311
18 71 89 141 1023 1164 1253
26 138 164 132 1032 1164 1328
32 130 162 125 1039 1164 1326
27 98 125 129 1035 1164 1289
19 60 79 136 1029 1165 1244
30 105 135 124 1041 1165 1300
17 64 81 136 1029 1165 1246
21 93 114 131 1034 1165 1279
16 104 120 135 1030 1165 1285
19 70 89 131 1034 1165 1254
34 128 162 115 1050 1165 1327
17 86 103 131 1034 1165 1268
25 127 152 122 1044 1166 1318
25 108 133 121 1045 1166 1299
37 138 175 108 1058 1166 1341
15 56 71 129 1037 1166 1237
37 130 167 106 1061 1167 1334
18 73 91 124 1043 1167 1258
27 109 136 114 1053 1167 1303
20 145 165 120 1047 1167 1332
18 95 113 121 1046 1167 1280
10 48 58 127 1040 1167 1225
16 84 100 121 1046 1167 1267
22 128 150 114 1053 1167 1317
13 57 70 120 1047 1167 1237
18 107 125 116 1052 1168 1293
30 113 143 103 1065 1168 1311
23 128 151 109 1060 1169 1320
29 103 132 102 1067 1169 1301
24 116 140 106 1063 1169 1309
25 113 138 104 1065 1169 1307
14 103 117 114 1055 1169 1286
15 101 116 112 1057 1169 1285
23 104 127 103 1066 1169 1296
17 152 169 108 1061 1169 1338
17 106 123 106 1063 1169 1292
11 51 62 112 1058 1170 1232
7 22 29 113 1057 1170 1199
7 111 118 114 1056 1170 1288
19 120 139 101 1069 1170 1309
12 101 113 107 1063 1170 1283
18 75 93 100 1070 1170 1263
6 67 73 111 1060 1171 1244
17 108 125 99 1072 1171 1296
10 70 80 105 1066 1171 1251
12 80 92 102 1069 1171 1263
31 138 169 82 1089 1171 1340
30 129 159 82 1089 1171 1330
6 105 111 105 1066 1171 1282
24 154 178 86 1085 1171 1349
17 134 151 92 1080 1172 1323
20 146 166 88 1084 1172 1338
24 139 163 83 1089 1172 1335
16 79 95 90 1082 1172 1267
27 148 175 78 1094 1172 1347
17 91 108 87 1086 1173 1281
8 88 96 95 1078 1173 1269
22 133 155 80 1094 1174 1329
15 80 95 86 1088 1174 1269
26 168 194 74 1100 1174 1368
12 97 109 87 1087 1174 1283
16 130 146 82 1093 1175 1321
15 117 132 82 1093 1175 1307
15 132 147 81 1094 1175 1322
18 148 166 77 1099 1176 1342
21 153 174 73 1103 1176 1350
11 106 117 82 1094 1176 1293
11 87 98 81 1095 1176 1274
17 85 102 74 1102 1176 1278
15 120 135 75 1101 1176 1311
10 91 101 79 1097 1176 1277
19 136 155 69 1107 1176 1331
13 120 133 74 1103 1177 1310
10 110 120 76 1101 1177 1297
13 142 155 72 1105 1177 1332
19 142 161 65 1113 1178 1339
9 138 147 74 1104 1178 1325
12 129 141 70 1108 1178 1319
10 82 92 71 1107 1178 1270
16 128 144 64 1114 1178 1322
23 153 176 56 1122 1178 1354
8 103 111 70 1109 1179 1290
5 127 132 72 1107 1179 1311
7 93 100 68 1111 1179 1279
6 108 114 69 1110 1179 1293
7 83 90 67 1113 1180 1270
5 82 87 68 1112 1180 1267
12 130 142 60 1120 1180 1322
6 114 120 65 1115 1180 1300
4 64 68 66 1114 1180 1248
6 117 123 63 1118 1181 1304
17 136 153 51 1130 1181 1334
15 138 153 52 1130 1182 1335
11 122 133 55 1127 1182 1315
8 129 137 57 1125 1182 1319
22 200 222 42 1140 1182 1404
5 86 91 58 1124 1182 1273
8 123 131 54 1128 1182 1313
9 132 141 52 1131 1183 1324
7 97 104 53 1130 1183 1287
16 83 99 43 1140 1183 1282
15 94 109 43 1140 1183 1292
5 105 110 52 1132 1184 1294
6 115 121 50 1134 1184 1305
10 103 113 45 1139 1184 1297
6 140 146 48 1136 1184 1330
13 143 156 40 1145 1185 1341
6 157 163 46 1139 1185 1348
4 109 113 47 1138 1185 1298
5 88 93 45 1141 1186 1279
6 123 129 43 1143 1186 1315
7 125 132 41 1145 1186 1318
10 157 167 37 1149 1186 1353
2 90 92 44 1143 1187 1279
8 140 148 37 1150 1187 1335
8 98 106 36 1151 1187 1293
5 163 168 38 1149 1187 1355
7 145 152 35 1153 1188 1340
6 120 126 35 1154 1189 1315
3 130 133 37 1153 1190 1323
11 171 182 28 1163 1191 1373
4 89 93 34 1157 1191 1284
3 105 108 34 1157 1191 1299
4 66 70 32 1160 1192 1262
11 107 118 24 1168 1192 1310
6 118 124 28 1164 1192 1316
4 82 86 29 1164 1193 1279
7 107 114 25 1169 1194 1308
2 121 123 29 1168 1197 1320
7 111 118 23 1174 1197 1315
4 136 140 25 1172 1197 1337
2 105 107 26 1171 1197 1304
2 108 110 25 1173 1198 1308
4 115 119 22 1176 1198 1317
3 124 127 22 1177 1199 1326
4 112 116 20 1179 1199 1315
4 96 100 19 1181 1200 1300
4 100 104 18 1185 1203 1307
2 119 121 19 1184 1203 1324
7 152 159 13 1190 1203 1362
0 93 93 19 1186 1205 1298
0 96 96 18 1188 1206 1302
1 108 109 16 1191 1207 1316
1 115 116 15 1193 1208 1324
2 120 122 13 1196 1209 1331
2 104 106 12 1197 1209 1315
2 110 112 11 1199 1210 1322
3 69 72 9 1203 1212 1284
1 150 151 10 1205 1215 1366
3 144 147 7 1209 1216 1363
1 60 61 8 1208 1216 1277
0 60 60 8 1212 1220 1280
0 63 63 7 1215 1222 1285
2 99 101 4 1219 1223 1324
1 110 111 4 1223 1227 1338
0 76 76 4 1228 1232 1308
0 145 145 3 1238 1241 1386
1 74 75 1 1242 1243 1318
0 93 93 1 1245 1246 1339
0 86 86 0 1250 1250 1336
